{"pools":[{"rolls":1,"entries":[{"type":"alternatives","children":[{"type":"item","name":"egg","functions":[{"function":"set_custom_data","tag":"{shape:[[0.0,0.0,0.0,16.0,2.0,16.0],[0.0,10.0,1.0,16.0,14.0,5.25],[0.0,12.0,5.25,16.0,16.0,9.5],[0.0,14.0,9.5,16.0,16.0,14.0],[4.0,2.0,4.0,12.0,14.0,12.0]]}"}],"conditions":[{"condition":"location_check","predicate":{"block":{"state":{"facing":"north"}}}}]},{"type":"item","name":"egg","functions":[{"function":"set_custom_data","tag":"{shape:[[0.0,0.0,0.0,16.0,2.0,16.0],[0.0,10.0,10.5,16.0,14.0,15.0],[0.0,12.0,6.25,16.0,16.0,10.5],[0.0,14.0,2.0,16.0,16.0,10.5],[4.0,2.0,4.0,12.0,16.0,10.5],[4.0,2.0,10.5,12.0,14.0,12.0]]}"}],"conditions":[{"condition":"location_check","predicate":{"block":{"state":{"facing":"south"}}}}]},{"type":"item","name":"egg","functions":[{"function":"set_custom_data","tag":"{shape:[[0.0,0.0,0.0,16.0,2.0,16.0],[1.0,10.0,0.0,5.25,14.0,16.0],[4.0,2.0,4.0,12.0,14.0,12.0],[5.25,12.0,0.0,9.5,16.0,16.0],[9.5,14.0,0.0,14.0,16.0,16.0]]}"}],"conditions":[{"condition":"location_check","predicate":{"block":{"state":{"facing":"west"}}}}]},{"type":"item","name":"egg","functions":[{"function":"set_custom_data","tag":"{shape:[[0.0,0.0,0.0,16.0,2.0,16.0],[2.0,14.0,0.0,10.5,16.0,16.0],[4.0,2.0,4.0,10.5,16.0,12.0],[6.25,12.0,0.0,10.5,16.0,16.0],[10.5,2.0,4.0,12.0,14.0,12.0],[10.5,10.0,0.0,15.0,14.0,16.0]]}"}]}]}]}]}
